GlobalIllumination: 1
BackgroundColor: 0.827451 0.713726 0.713726
