GlobalIllumination: 1
BackgroundColor: 0.845133 0.845133 0.845133
