GlobalIllumination: 0.3
BackgroundColor: 0.137168 0.137168 0.137168
