GlobalIllumination: 1
BackgroundColor: 0.853982 0.853982 0.853982
