GlobalIllumination: 1
BackgroundColor: 0.827434 0.713936 0.713936
